GeneName	YSTNormalsStatus	RMS.FNNormalsStatus	NB.MYCN.NANormalsStatus	NB.MYCN.ANormalsStatus	WTNormalsStatus	OSNormalsStatus	UDSNormalsStatus	NB.UnknownNormalsStatus	EWSNormalsStatus	SSNormalsStatus	RMS.FPNormalsStatus	CCSKNormalsStatus	MLNormalsStatus	DSRCTNormalsStatus	TeratomaNormalsStatus	ASPSNormalsStatus	HBLNormalsStatus	RowSum
PBK	1	1	1	1	1	1	1	1	1	1	1	1	0	0	0	0	0	12
PRAME	1	1	1	1	1	1	1	1	1	1	0	0	1	1	0	0	0	12
KIF2C	1	1	1	1	1	1	1	1	1	0	1	1	0	0	0	0	0	11
NUF2	1	1	1	1	1	0	0	0	0	0	1	0	0	0	0	0	0	6
MAGEA3	1	1	0	0	0	1	1	1	0	0	0	0	1	0	0	0	0	6
CEP55	1	1	0	0	0	1	1	0	0	0	1	0	0	0	0	0	0	5
CTAG1A	0	0	1	0	0	1	0	1	0	1	1	0	0	0	0	0	0	5
MAGEA2	1	1	0	0	0	1	1	1	0	0	0	0	0	0	0	0	0	5
MAGEA12	1	0	0	0	0	1	1	1	0	0	0	0	1	0	0	0	0	5
PAGE5	0	0	1	1	0	1	0	1	0	0	0	0	0	0	0	0	0	4
MAGEA6	1	0	0	0	0	1	1	1	0	0	0	0	0	0	0	0	0	4
PAGE2B	0	0	1	1	0	1	0	1	0	0	0	0	0	0	0	0	0	4
PHOX2B	0	0	1	1	0	0	0	1	0	0	0	0	0	0	0	0	0	3
TTK	1	1	0	0	1	0	0	0	0	0	0	0	0	0	0	0	0	3
MAGEA4	0	0	1	0	0	0	0	1	0	1	0	0	0	0	0	0	0	3
MAGEA9	0	0	1	0	0	0	0	1	0	1	0	0	0	0	0	0	0	3
XAGE1E	0	0	0	0	0	1	0	1	1	0	0	0	0	0	0	0	0	3
XAGE1D	0	0	0	0	0	1	0	1	1	0	0	0	0	0	0	0	0	3
PAGE2	0	0	1	0	0	1	0	1	0	0	0	0	0	0	0	0	0	3
MAGEA10	0	0	1	0	0	0	0	1	0	0	0	0	0	0	0	0	0	2
SSX1	0	0	0	0	0	1	0	0	0	1	0	0	0	0	0	0	0	2
MAGEA8	1	0	0	0	0	0	0	1	0	0	0	0	0	0	0	0	0	2
CTAG1B	0	0	0	0	0	0	0	1	0	1	0	0	0	0	0	0	0	2
ROPN1	0	0	0	0	0	0	0	0	0	0	0	0	1	0	0	0	0	1
PAGE1	0	0	0	0	0	0	0	1	0	0	0	0	0	0	0	0	0	1
SPAG6	0	0	0	0	0	0	0	0	0	0	0	0	0	0	1	0	0	1
MAGEB2	0	0	0	0	0	0	0	1	0	0	0	0	0	0	0	0	0	1
LUZP4	0	0	0	0	0	0	0	0	0	0	0	0	0	0	0	1	0	1
TEX14	0	0	0	0	0	0	0	0	0	0	1	0	0	0	0	0	0	1
CTCFL	0	0	0	0	0	0	0	0	0	0	0	0	0	1	0	0	0	1
IGF2BP3	1	0	0	0	0	0	0	0	0	0	0	0	0	0	0	0	0	1
NR6A1	1	0	0	0	0	0	0	0	0	0	0	0	0	0	0	0	0	1
MAGEC1	0	0	0	0	0	0	0	1	0	0	0	0	0	0	0	0	0	1
SSX2B	0	0	0	0	0	1	0	0	0	0	0	0	0	0	0	0	0	1
XAGE1C	0	0	0	0	0	0	0	0	1	0	0	0	0	0	0	0	0	1
MAGEA11	0	0	0	0	0	0	0	1	0	0	0	0	0	0	0	0	0	1
LIPI	0	0	0	0	0	0	0	0	1	0	0	0	0	0	0	0	0	1
DSCR8	0	1	0	0	0	0	0	0	0	0	0	0	0	0	0	0	0	1
MAGEA1	0	0	0	0	0	0	0	1	0	0	0	0	0	0	0	0	0	1
CSAG1	0	0	0	0	0	1	0	0	0	0	0	0	0	0	0	0	0	1
XAGE1A	0	0	0	0	0	0	0	0	1	0	0	0	0	0	0	0	0	1
XAGE1B	0	0	0	0	0	0	0	0	1	0	0	0	0	0	0	0	0	1
SSX2	0	0	0	0	0	1	0	0	0	0	0	0	0	0	0	0	0	1
CD99	0	0	0	0	0	0	0	0	0	0	0	0	0	0	0	0	0	0
ARX	0	0	0	0	0	0	0	0	0	0	0	0	0	0	0	0	0	0
KIAA0100	0	0	0	0	0	0	0	0	0	0	0	0	0	0	0	0	0	0
SPAG9	0	0	0	0	0	0	0	0	0	0	0	0	0	0	0	0	0	0
MAGEC2	0	0	0	0	0	0	0	0	0	0	0	0	0	0	0	0	0	0
PLEKHA5	0	0	0	0	0	0	0	0	0	0	0	0	0	0	0	0	0	0
SPO11	0	0	0	0	0	0	0	0	0	0	0	0	0	0	0	0	0	0
SPAG4	0	0	0	0	0	0	0	0	0	0	0	0	0	0	0	0	0	0
SPA17	0	0	0	0	0	0	0	0	0	0	0	0	0	0	0	0	0	0
CTNNA2	0	0	0	0	0	0	0	0	0	0	0	0	0	0	0	0	0	0
DDX43	0	0	0	0	0	0	0	0	0	0	0	0	0	0	0	0	0	0
GPATCH2	0	0	0	0	0	0	0	0	0	0	0	0	0	0	0	0	0	0
TDRD1	0	0	0	0	0	0	0	0	0	0	0	0	0	0	0	0	0	0
EPPIN	0	0	0	0	0	0	0	0	0	0	0	0	0	0	0	0	0	0
NOL4	0	0	0	0	0	0	0	0	0	0	0	0	0	0	0	0	0	0
PAGE4	0	0	0	0	0	0	0	0	0	0	0	0	0	0	0	0	0	0
TAF7L	0	0	0	0	0	0	0	0	0	0	0	0	0	0	0	0	0	0
PRSS54	0	0	0	0	0	0	0	0	0	0	0	0	0	0	0	0	0	0
OIP5	0	0	0	0	0	0	0	0	0	0	0	0	0	0	0	0	0	0
SPAG1	0	0	0	0	0	0	0	0	0	0	0	0	0	0	0	0	0	0
ADAM2	0	0	0	0	0	0	0	0	0	0	0	0	0	0	0	0	0	0
TULP2	0	0	0	0	0	0	0	0	0	0	0	0	0	0	0	0	0	0
DKKL1	0	0	0	0	0	0	0	0	0	0	0	0	0	0	0	0	0	0
THEG	0	0	0	0	0	0	0	0	0	0	0	0	0	0	0	0	0	0
AKAP3	0	0	0	0	0	0	0	0	0	0	0	0	0	0	0	0	0	0
ACRBP	0	0	0	0	0	0	0	0	0	0	0	0	0	0	0	0	0	0
MORC1	0	0	0	0	0	0	0	0	0	0	0	0	0	0	0	0	0	0
KDM5B	0	0	0	0	0	0	0	0	0	0	0	0	0	0	0	0	0	0
ACTL8	0	0	0	0	0	0	0	0	0	0	0	0	0	0	0	0	0	0
ELOVL4	0	0	0	0	0	0	0	0	0	0	0	0	0	0	0	0	0	0
MAGEB4	0	0	0	0	0	0	0	0	0	0	0	0	0	0	0	0	0	0
PRM2	0	0	0	0	0	0	0	0	0	0	0	0	0	0	0	0	0	0
IL13RA2	0	0	0	0	0	0	0	0	0	0	0	0	0	0	0	0	0	0
MAGEA9B	0	0	0	0	0	0	0	0	0	0	0	0	0	0	0	0	0	0
SEMG1	0	0	0	0	0	0	0	0	0	0	0	0	0	0	0	0	0	0
CRISP2	0	0	0	0	0	0	0	0	0	0	0	0	0	0	0	0	0	0
CTAG2	0	0	0	0	0	0	0	0	0	0	0	0	0	0	0	0	0	0
CCDC62	0	0	0	0	0	0	0	0	0	0	0	0	0	0	0	0	0	0
TEX101	0	0	0	0	0	0	0	0	0	0	0	0	0	0	0	0	0	0
FTHL17	0	0	0	0	0	0	0	0	0	0	0	0	0	0	0	0	0	0
RGS22	0	0	0	0	0	0	0	0	0	0	0	0	0	0	0	0	0	0
RNF17	0	0	0	0	0	0	0	0	0	0	0	0	0	0	0	0	0	0
TEX15	0	0	0	0	0	0	0	0	0	0	0	0	0	0	0	0	0	0
ACVR1B	0	0	0	0	0	0	0	0	0	0	0	0	0	0	0	0	0	0
TSGA10	0	0	0	0	0	0	0	0	0	0	0	0	0	0	0	0	0	0
ODF2	0	0	0	0	0	0	0	0	0	0	0	0	0	0	0	0	0	0
HEMGN	0	0	0	0	0	0	0	0	0	0	0	0	0	0	0	0	0	0
DMRT1	0	0	0	0	0	0	0	0	0	0	0	0	0	0	0	0	0	0
SPAG8	0	0	0	0	0	0	0	0	0	0	0	0	0	0	0	0	0	0
BRDT	0	0	0	0	0	0	0	0	0	0	0	0	0	0	0	0	0	0
KIF20B	0	0	0	0	0	0	0	0	0	0	0	0	0	0	0	0	0	0
ATIC	0	0	0	0	0	0	0	0	0	0	0	0	0	0	0	0	0	0
CCDC33	0	0	0	0	0	0	0	0	0	0	0	0	0	0	0	0	0	0
SPACA3	0	0	0	0	0	0	0	0	0	0	0	0	0	0	0	0	0	0
MAEL	0	0	0	0	0	0	0	0	0	0	0	0	0	0	0	0	0	0
HORMAD1	0	0	0	0	0	0	0	0	0	0	0	0	0	0	0	0	0	0
TMEFF2	0	0	0	0	0	0	0	0	0	0	0	0	0	0	0	0	0	0
IGSF11	0	0	0	0	0	0	0	0	0	0	0	0	0	0	0	0	0	0
TMEM108	0	0	0	0	0	0	0	0	0	0	0	0	0	0	0	0	0	0
AKAP4	0	0	0	0	0	0	0	0	0	0	0	0	0	0	0	0	0	0
CPXCR1	0	0	0	0	0	0	0	0	0	0	0	0	0	0	0	0	0	0
FATE1	0	0	0	0	0	0	0	0	0	0	0	0	0	0	0	0	0	0
CTAGE5	0	0	0	0	0	0	0	0	0	0	0	0	0	0	0	0	0	0
LYPD6B	0	0	0	0	0	0	0	0	0	0	0	0	0	0	0	0	0	0
CCDC83	0	0	0	0	0	0	0	0	0	0	0	0	0	0	0	0	0	0
RBM46	0	0	0	0	0	0	0	0	0	0	0	0	0	0	0	0	0	0
SPEF2	0	0	0	0	0	0	0	0	0	0	0	0	0	0	0	0	0	0
TEKT5	0	0	0	0	0	0	0	0	0	0	0	0	0	0	0	0	0	0
CABYR	0	0	0	0	0	0	0	0	0	0	0	0	0	0	0	0	0	0
ODF1	0	0	0	0	0	0	0	0	0	0	0	0	0	0	0	0	0	0
OTOA	0	0	0	0	0	0	0	0	0	0	0	0	0	0	0	0	0	0
SPAG17	0	0	0	0	0	0	0	0	0	0	0	0	0	0	0	0	0	0
ATAD2	0	0	0	0	0	0	0	0	0	0	0	0	0	0	0	0	0	0
COX6B2	0	0	0	0	0	0	0	0	0	0	0	0	0	0	0	0	0	0
NLRP4	0	0	0	0	0	0	0	0	0	0	0	0	0	0	0	0	0	0
LY6K	0	0	0	0	0	0	0	0	0	0	0	0	0	0	0	0	0	0
DPPA2	0	0	0	0	0	0	0	0	0	0	0	0	0	0	0	0	0	0
CAGE1	0	0	0	0	0	0	0	0	0	0	0	0	0	0	0	0	0	0
ARMC3	0	0	0	0	0	0	0	0	0	0	0	0	0	0	0	0	0	0
MAGEC3	0	0	0	0	0	0	0	0	0	0	0	0	0	0	0	0	0	0
SSX5	0	0	0	0	0	0	0	0	0	0	0	0	0	0	0	0	0	0
SSX3	0	0	0	0	0	0	0	0	0	0	0	0	0	0	0	0	0	0
PASD1	0	0	0	0	0	0	0	0	0	0	0	0	0	0	0	0	0	0
SPATA19	0	0	0	0	0	0	0	0	0	0	0	0	0	0	0	0	0	0
TPTE	0	0	0	0	0	0	0	0	0	0	0	0	0	0	0	0	0	0
POTED	0	0	0	0	0	0	0	0	0	0	0	0	0	0	0	0	0	0
LDHC	0	0	0	0	0	0	0	0	0	0	0	0	0	0	0	0	0	0
CCDC110	0	0	0	0	0	0	0	0	0	0	0	0	0	0	0	0	0	0
ADAM29	0	0	0	0	0	0	0	0	0	0	0	0	0	0	0	0	0	0
TSPY2	0	0	0	0	0	0	0	0	0	0	0	0	0	0	0	0	0	0
CT55	0	0	0	0	0	0	0	0	0	0	0	0	0	0	0	0	0	0
PLAC1	0	0	0	0	0	0	0	0	0	0	0	0	0	0	0	0	0	0
XAGE3	0	0	0	0	0	0	0	0	0	0	0	0	0	0	0	0	0	0
XAGE5	0	0	0	0	0	0	0	0	0	0	0	0	0	0	0	0	0	0
SSX6	0	0	0	0	0	0	0	0	0	0	0	0	0	0	0	0	0	0
SYCE1	0	0	0	0	0	0	0	0	0	0	0	0	0	0	0	0	0	0
CCDC36	0	0	0	0	0	0	0	0	0	0	0	0	0	0	0	0	0	0
FAM46D	0	0	0	0	0	0	0	0	0	0	0	0	0	0	0	0	0	0
PRM1	0	0	0	0	0	0	0	0	0	0	0	0	0	0	0	0	0	0
ZNF645	0	0	0	0	0	0	0	0	0	0	0	0	0	0	0	0	0	0
HORMAD2	0	0	0	0	0	0	0	0	0	0	0	0	0	0	0	0	0	0
MAGEB6	0	0	0	0	0	0	0	0	0	0	0	0	0	0	0	0	0	0
FMR1NB	0	0	0	0	0	0	0	0	0	0	0	0	0	0	0	0	0	0
FBXO39	0	0	0	0	0	0	0	0	0	0	0	0	0	0	0	0	0	0
ODF3	0	0	0	0	0	0	0	0	0	0	0	0	0	0	0	0	0	0
TSSK6	0	0	0	0	0	0	0	0	0	0	0	0	0	0	0	0	0	0
FAM133A	0	0	0	0	0	0	0	0	0	0	0	0	0	0	0	0	0	0
DNAJB8	0	0	0	0	0	0	0	0	0	0	0	0	0	0	0	0	0	0
TPPP2	0	0	0	0	0	0	0	0	0	0	0	0	0	0	0	0	0	0
TDRD6	0	0	0	0	0	0	0	0	0	0	0	0	0	0	0	0	0	0
SAGE1	0	0	0	0	0	0	0	0	0	0	0	0	0	0	0	0	0	0
POTEC	0	0	0	0	0	0	0	0	0	0	0	0	0	0	0	0	0	0
MAGEA2B	0	0	0	0	0	0	0	0	0	0	0	0	0	0	0	0	0	0
TFDP3	0	0	0	0	0	0	0	0	0	0	0	0	0	0	0	0	0	0
ANKRD45	0	0	0	0	0	0	0	0	0	0	0	0	0	0	0	0	0	0
CSAG2	0	0	0	0	0	0	0	0	0	0	0	0	0	0	0	0	0	0
PRSS55	0	0	0	0	0	0	0	0	0	0	0	0	0	0	0	0	0	0
ODF4	0	0	0	0	0	0	0	0	0	0	0	0	0	0	0	0	0	0
DDX53	0	0	0	0	0	0	0	0	0	0	0	0	0	0	0	0	0	0
NXF2	0	0	0	0	0	0	0	0	0	0	0	0	0	0	0	0	0	0
P4HB	0	0	0	0	0	0	0	0	0	0	0	0	0	0	0	0	0	0
XAGE2	0	0	0	0	0	0	0	0	0	0	0	0	0	0	0	0	0	0
NXF2B	0	0	0	0	0	0	0	0	0	0	0	0	0	0	0	0	0	0
LEMD1	0	0	0	0	0	0	0	0	0	0	0	0	0	0	0	0	0	0
GPAT2	0	0	0	0	0	0	0	0	0	0	0	0	0	0	0	0	0	0
TMPRSS12	0	0	0	0	0	0	0	0	0	0	0	0	0	0	0	0	0	0
BAGE2	0	0	0	0	0	0	0	0	0	0	0	0	0	0	0	0	0	0
SSX7	0	0	0	0	0	0	0	0	0	0	0	0	0	0	0	0	0	0
POTEE	0	0	0	0	0	0	0	0	0	0	0	0	0	0	0	0	0	0
MAGEB5	0	0	0	0	0	0	0	0	0	0	0	0	0	0	0	0	0	0
POTEA	0	0	0	0	0	0	0	0	0	0	0	0	0	0	0	0	0	0
GAGE2A	0	0	0	0	0	0	0	0	0	0	0	0	0	0	0	0	0	0
SPANXN3	0	0	0	0	0	0	0	0	0	0	0	0	0	0	0	0	0	0
SPANXN4	0	0	0	0	0	0	0	0	0	0	0	0	0	0	0	0	0	0
SPANXD	0	0	0	0	0	0	0	0	0	0	0	0	0	0	0	0	0	0
PIWIL2	0	0	0	0	0	0	0	0	0	0	0	0	0	0	0	0	0	0
ZNF165	0	0	0	0	0	0	0	0	0	0	0	0	0	0	0	0	0	0
HSPB9	0	0	0	0	0	0	0	0	0	0	0	0	0	0	0	0	0	0
SPANXA1	0	0	0	0	0	0	0	0	0	0	0	0	0	0	0	0	0	0
POTEH	0	0	0	0	0	0	0	0	0	0	0	0	0	0	0	0	0	0
SPANXC	0	0	0	0	0	0	0	0	0	0	0	0	0	0	0	0	0	0
CEP290	0	0	0	0	0	0	0	0	0	0	0	0	0	0	0	0	0	0
SYCP1	0	0	0	0	0	0	0	0	0	0	0	0	0	0	0	0	0	0
MAGEB3	0	0	0	0	0	0	0	0	0	0	0	0	0	0	0	0	0	0
DCAF12	0	0	0	0	0	0	0	0	0	0	0	0	0	0	0	0	0	0
SSX4B	0	0	0	0	0	0	0	0	0	0	0	0	0	0	0	0	0	0
CR1	0	0	0	0	0	0	0	0	0	0	0	0	0	0	0	0	0	0
SPANXN1	0	0	0	0	0	0	0	0	0	0	0	0	0	0	0	0	0	0
SPANXN2	0	0	0	0	0	0	0	0	0	0	0	0	0	0	0	0	0	0
SPANXA2	0	0	0	0	0	0	0	0	0	0	0	0	0	0	0	0	0	0
CT83	0	0	0	0	0	0	0	0	0	0	0	0	0	0	0	0	0	0
PAGE3	0	0	0	0	0	0	0	0	0	0	0	0	0	0	0	0	0	0
SPANXN5	0	0	0	0	0	0	0	0	0	0	0	0	0	0	0	0	0	0
SSX4	0	0	0	0	0	0	0	0	0	0	0	0	0	0	0	0	0	0
SSX9	0	0	0	0	0	0	0	0	0	0	0	0	0	0	0	0	0	0
SLCO6A1	0	0	0	0	0	0	0	0	0	0	0	0	0	0	0	0	0	0
GAGE1	0	0	0	0	0	0	0	0	0	0	0	0	0	0	0	0	0	0
PRSS50	0	0	0	0	0	0	0	0	0	0	0	0	0	0	0	0	0	0
CTAGE1	0	0	0	0	0	0	0	0	0	0	0	0	0	0	0	0	0	0
MAGEB1	0	0	0	0	0	0	0	0	0	0	0	0	0	0	0	0	0	0
GAGE12G	0	0	0	0	0	0	0	0	0	0	0	0	0	0	0	0	0	0
GAGE12E	0	0	0	0	0	0	0	0	0	0	0	0	0	0	0	0	0	0
POTEG	0	0	0	0	0	0	0	0	0	0	0	0	0	0	0	0	0	0
CT47A10	0	0	0	0	0	0	0	0	0	0	0	0	0	0	0	0	0	0
ANKRD30BP2	0	0	0	0	0	0	0	0	0	0	0	0	0	0	0	0	0	0
GAGE12J	0	0	0	0	0	0	0	0	0	0	0	0	0	0	0	0	0	0
GAGE12H	0	0	0	0	0	0	0	0	0	0	0	0	0	0	0	0	0	0
CT47A6	0	0	0	0	0	0	0	0	0	0	0	0	0	0	0	0	0	0
CT47A9	0	0	0	0	0	0	0	0	0	0	0	0	0	0	0	0	0	0
CT45A6	0	0	0	0	0	0	0	0	0	0	0	0	0	0	0	0	0	0
CT47A11	0	0	0	0	0	0	0	0	0	0	0	0	0	0	0	0	0	0
GAGE12D	0	0	0	0	0	0	0	0	0	0	0	0	0	0	0	0	0	0
CT47A7	0	0	0	0	0	0	0	0	0	0	0	0	0	0	0	0	0	0
TSPY3	0	0	0	0	0	0	0	0	0	0	0	0	0	0	0	0	0	0
CT47A8	0	0	0	0	0	0	0	0	0	0	0	0	0	0	0	0	0	0
CT47A4	0	0	0	0	0	0	0	0	0	0	0	0	0	0	0	0	0	0
CT45A3	0	0	0	0	0	0	0	0	0	0	0	0	0	0	0	0	0	0
CT45A1	0	0	0	0	0	0	0	0	0	0	0	0	0	0	0	0	0	0
CTAGE3P	0	0	0	0	0	0	0	0	0	0	0	0	0	0	0	0	0	0
POTEB	0	0	0	0	0	0	0	0	0	0	0	0	0	0	0	0	0	0
SPANXB1	0	0	0	0	0	0	0	0	0	0	0	0	0	0	0	0	0	0
CT47A3	0	0	0	0	0	0	0	0	0	0	0	0	0	0	0	0	0	0
GAGE12F	0	0	0	0	0	0	0	0	0	0	0	0	0	0	0	0	0	0
CT47A1	0	0	0	0	0	0	0	0	0	0	0	0	0	0	0	0	0	0
CT47B1	0	0	0	0	0	0	0	0	0	0	0	0	0	0	0	0	0	0
GAGE12B	0	0	0	0	0	0	0	0	0	0	0	0	0	0	0	0	0	0
GAGE13	0	0	0	0	0	0	0	0	0	0	0	0	0	0	0	0	0	0
GAGE12C	0	0	0	0	0	0	0	0	0	0	0	0	0	0	0	0	0	0
CT47A5	0	0	0	0	0	0	0	0	0	0	0	0	0	0	0	0	0	0
GAGE12I	0	0	0	0	0	0	0	0	0	0	0	0	0	0	0	0	0	0
TMEFF1	0	0	0	0	0	0	0	0	0	0	0	0	0	0	0	0	0	0
CT45A2	0	0	0	0	0	0	0	0	0	0	0	0	0	0	0	0	0	0
CT45A5	0	0	0	0	0	0	0	0	0	0	0	0	0	0	0	0	0	0
CT47A2	0	0	0	0	0	0	0	0	0	0	0	0	0	0	0	0	0	0
MAGEA5	0	0	0	0	0	0	0	0	0	0	0	0	0	0	0	0	0	0
TSPY1	0	0	0	0	0	0	0	0	0	0	0	0	0	0	0	0	0	0
VENTXP1	0	0	0	0	0	0	0	0	0	0	0	0	0	0	0	0	0	0
CALR3	0	0	0	0	0	0	0	0	0	0	0	0	0	0	0	0	0	0
